[gd_scene load_steps=8 format=2]

[ext_resource path="res://Spatial.gd" type="Script" id=1]
[ext_resource path="res://Platform Objects/BlockLarge.tscn" type="PackedScene" id=2]
[ext_resource path="res://Platform Objects/BlockRamp.tscn" type="PackedScene" id=3]
[ext_resource path="res://Character.tscn" type="PackedScene" id=4]

[sub_resource type="SpatialMaterial" id=1]
albedo_color = Color( 0.372549, 0.447059, 0.113725, 1 )

[sub_resource type="PlaneMesh" id=2]
material = SubResource( 1 )
size = Vector2( 10, 10 )

[sub_resource type="ConvexPolygonShape" id=3]
points = PoolVector3Array( 5, 0, 5, -5, 0, 5, 5, 0, -5, -5, 0, -5 )

[node name="Spatial" type="Spatial"]
script = ExtResource( 1 )

[node name="Ground" type="StaticBody" parent="."]

[node name="MeshInstance" type="MeshInstance" parent="Ground"]
mesh = SubResource( 2 )
material/0 = null

[node name="CollisionShape" type="CollisionShape" parent="Ground"]
shape = SubResource( 3 )

[node name="CameraHub" type="Spatial" parent="."]
transform = Transform( -0.906308, 0, -0.422618, 0, 1, 0, 0.422618, 0, -0.906308, 0, 0, 0 )

[node name="Camera" type="Camera" parent="CameraHub"]
transform = Transform( 0.909254, 0.29887, -0.289713, -0.000872505, 0.697389, 0.716693, 0.416241, -0.651403, 0.634364, -2.28898, 4.92269, 8.05563 )

[node name="DirectionalLight" type="DirectionalLight" parent="."]
transform = Transform( 0.82729, -0.359288, -0.43186, 0.561775, 0.5291, 0.635973, 0, -0.768743, 0.639558, 0, 6.89995, 0 )
shadow_enabled = true

[node name="BlockLarge" parent="." instance=ExtResource( 2 )]
transform = Transform( 1, 0, 0, 0, 1, 0, 0, 0, 1, 0, 0, 3 )

[node name="BlockLarge2" parent="." instance=ExtResource( 2 )]
transform = Transform( 1, 0, 0, 0, 1, 0, 0, 0, 1, 0, 0, 1 )

[node name="BlockLarge3" parent="." instance=ExtResource( 2 )]
transform = Transform( 1, 0, 0, 0, 1, 0, 0, 0, 1, -2, 0, 1 )

[node name="BlockRamp" parent="BlockLarge3" instance=ExtResource( 3 )]
transform = Transform( 1, 0, 0, 0, 1, 0, 0, 0, 1, 0, 0, -2 )

[node name="Character" parent="BlockLarge3/BlockRamp" instance=ExtResource( 4 )]
transform = Transform( -1, 0, -8.74228e-008, 0, 1, 0, 8.74228e-008, 0, -1, 0.5, 0.5, -3.5 )
